000000  20  43
a8db98  10  52
60e9c0  27  46
25c38a  28  36
54ba2a  22  36
3ef13c  22  41
2be560  24  35
1a3523  23  39
7edb70  15  44
91d280  18  52
1ba343  20  43
2de1c0  21  37
1cba01  28  46
317857  20  52
0a8343  23  29
509a8f  21  37
696c21  15  36
39925c  21  40
4edd5e  11  57
10fc42  19  48
60d634  28  35
61d279  16  53
06f6cc  13  42
c4e16f  27  41
b5f6f1  20  58
bec9b2  17  35
cdf64d  22  46
7fa978  16  49
487e53  17  30
b5ed95  25  36
505300  23  36
b5ebdc  20  52
a2af11  20  37
4ca036  20  50
1f620a  10  45
269f39  23  54
5fdf7f  24  51
d2f3a6  26  57
1cdec9  13  47
38fbf4  15  43
1f7532  16  56
a0ca1b  15  48
23b873  27  35
b71bfd  23  49
0e1fdc  14  40
42d6fa  20  37
29a1ab  21  56
7e5bee  23  56
8a7a99  12  56
7114c4  18  31
a9c3e8  11  49
67cbea  14  37
20b1cd  17  29
5f7edf  17  44
090d24  24  39
c735f9  27  50
442489  11  29
46c5dd  23  32
c32ddd  16  44
406488  14  43
301bb9  28  33
333675  19  31
5266ae  26  33
0d75bd  12  54
3f29c4  12  54
15a4d9  26  45
4dc9cf  11  45
0c4c91  22  57
a409cd  25  52
2e91dc  21  41
44aaaf  19  37
6c6dbe  17  55
73469c  24  52
0f5e9a  29  44
502f64  21  31
acb2ec  29  29
453990  11  57
2ae7f8  10  31
ceb3dd  12  41
3470dd  19  55
7a3bda  18  40
9ca5b2  18  44
594196  25  40
1e15b9  14  43
952e99  27  48
3ebfe7  21  44
1c054e  10  42
004164  15  33
c339ea  21  58
487ceb  24  45
509ce6  15  54
0f59c2  18  51
fbc454  12  35
835fb0  21  58
f0df60  24  54
ce7731  26  56
ad2279  18  57
e7482c  16  46
a06362  24  48
d47692  15  35
fe4297  22  53
ce1dca  12  53
cb283e  18  55
e572bc  10  30
cd0e94  23  58
e52236  19  46
a49b72  24  51
cac73d  21  42
ec1f75  18  35
e47fc9  21  30
8c092b  18  39
b32401  17  42
f134e9  17  46
eb7e6f  28  34
fc0765  13  35
b4302b  17  40
de2806  19  35
e23d82  29  56
f7ecd6  13  37
d067bc  17  54
95515d  21  31
ed2883  19  51
917f3b  14  45
c0916e  15  33
f7069c  12  46
bd862f  10  33
e4b841  23  34
efd229  20  33
c56568  22  29
766175  22  35
e69ad5  11  34
800134  23  47
f69ae0  12  30
d4a1ca  13  30
bd5b7c  28  58
c16557  18  50
d0ad0b  20  30


a8db98  10  52
60e9c0  27  46
25c38a  28  36
54ba2a  22  36
3ef13c  22  41
2be560  24  35
1a3523  23  39
7edb70  15  44
91d280  18  52
1ba343  20  43
2de1c0  21  37
1cba01  28  46
317857  20  52
0a8343  23  29
509a8f  21  37
696c21  15  36
39925c  21  40
4edd5e  11  57
10fc42  19  48
60d634  28  35
61d279  16  53
06f6cc  13  42
c4e16f  27  41
b5f6f1  20  58
bec9b2  17  35
cdf64d  22  46
7fa978  16  49
487e53  17  30
b5ed95  25  36
505300  23  36
b5ebdc  20  52
a2af11  20  37
4ca036  20  50
1f620a  10  45
269f39  23  54
5fdf7f  24  51
d2f3a6  26  57
1cdec9  13  47
38fbf4  15  43
1f7532  16  56
a0ca1b  15  48
23b873  27  35
b71bfd  23  49
0e1fdc  14  40
42d6fa  20  37
29a1ab  21  56
7e5bee  23  56
8a7a99  12  56
7114c4  18  31
a9c3e8  11  49
67cbea  14  37
20b1cd  17  29
5f7edf  17  44
090d24  24  39
c735f9  27  50
442489  11  29
46c5dd  23  32
c32ddd  16  44
406488  14  43
301bb9  28  33
333675  19  31
5266ae  26  33
0d75bd  12  54
3f29c4  12  54
15a4d9  26  45
4dc9cf  11  45
0c4c91  22  57
a409cd  25  52
2e91dc  21  41
44aaaf  19  37
6c6dbe  17  55
73469c  24  52
0f5e9a  29  44
502f64  21  31
acb2ec  29  29
453990  11  57
2ae7f8  10  31
ceb3dd  12  41
3470dd  19  55
7a3bda  18  40
9ca5b2  18  44
594196  25  40
1e15b9  14  43
952e99  27  48
3ebfe7  21  44
1c054e  10  42
004164  15  33
c339ea  21  58
487ceb  24  45
509ce6  15  54
0f59c2  18  51
fbc454  12  35
835fb0  21  58
f0df60  24  54
ce7731  26  56
ad2279  18  57
e7482c  16  46
a06362  24  48
d47692  15  35
fe4297  22  53
ce1dca  12  53
cb283e  18  55
e572bc  10  30
cd0e94  23  58
e52236  19  46
a49b72  24  51
cac73d  21  42
ec1f75  18  35
e47fc9  21  30
8c092b  18  39
b32401  17  42
f134e9  17  46
eb7e6f  28  34
fc0765  13  35
b4302b  17  40
de2806  19  35
e23d82  29  56
f7ecd6  13  37
d067bc  17  54
95515d  21  31
ed2883  19  51
917f3b  14  45
c0916e  15  33
f7069c  12  46
bd862f  10  33
e4b841  23  34
efd229  20  33
c56568  22  29
766175  22  35
e69ad5  11  34
800134  23  47
f69ae0  12  30
d4a1ca  13  30
bd5b7c  28  58
c16557  18  50
d0ad0b  20  30




000000  20  43
1820e50  10  30
a8db98  10  52
c16557  18  50
60e9c0  27  46
bd5b7c  28  58
25c38a  28  36
d4a1ca  13  30
54ba2a  22  36
f69ae0  12  30
3ef13c  22  41
800134  23  47
2be560  24  35
e69ad5  11  34
1a3523  23  39
766175  22  35
7edb70  15  44
c56568  22  29
91d280  18  52
efd229  20  33
1ba343  20  43
e4b841  23  34
2de1c0  21  37
bd862f  10  33
1cba01  28  46
f7069c  12  46
317857  20  52
c0916e  15  33
0a8343  23  29
917f3b  14  45
509a8f  21  37
ed2883  19  51
696c21  15  36
95515d  21  31
39925c  21  40
d067bc  17  54
4edd5e  11  57
f7ecd6  13  37
10fc42  19  48
e23d82  29  56
60d634  28  35
de2806  19  35
61d279  16  53
b4302b  17  40
06f6cc  13  42
fc0765  13  35
c4e16f  27  41
eb7e6f  28  34
b5f6f1  20  58
f134e9  17  46
bec9b2  17  35
b32401  17  42
cdf64d  22  46
8c092b  18  39
7fa978  16  49
e47fc9  21  30
487e53  17  30
ec1f75  18  35
b5ed95  25  36
cac73d  21  42
505300  23  36
a49b72  24  51
b5ebdc  20  52
e52236  19  46
a2af11  20  37
cd0e94  23  58
4ca036  20  50
e572bc  10  30
1f620a  10  45
cb283e  18  55
269f39  23  54
ce1dca  12  53
5fdf7f  24  51
fe4297  22  53
d2f3a6  26  57
d47692  15  35
1cdec9  13  47
a06362  24  48
38fbf4  15  43
e7482c  16  46
1f7532  16  56
ad2279  18  57
a0ca1b  15  48
ce7731  26  56
23b873  27  35
f0df60  24  54
b71bfd  23  49
835fb0  21  58
0e1fdc  14  40
fbc454  12  35
42d6fa  20  37
0f59c2  18  51
29a1ab  21  56
509ce6  15  54
7e5bee  23  56
487ceb  24  45
8a7a99  12  56
c339ea  21  58
7114c4  18  31
004164  15  33
a9c3e8  11  49
1c054e  10  42
67cbea  14  37
3ebfe7  21  44
20b1cd  17  29
952e99  27  48
5f7edf  17  44
1e15b9  14  43
090d24  24  39
594196  25  40
c735f9  27  50
9ca5b2  18  44
442489  11  29
7a3bda  18  40
46c5dd  23  32
3470dd  19  55
c32ddd  16  44
ceb3dd  12  41
406488  14  43
2ae7f8  10  31
301bb9  28  33
453990  11  57
333675  19  31
acb2ec  29  29
5266ae  26  33
502f64  21  31
0d75bd  12  54
0f5e9a  29  44
3f29c4  12  54
73469c  24  52
15a4d9  26  45
6c6dbe  17  55
4dc9cf  11  45
44aaaf  19  37
0c4c91  22  57
2e91dc  21  41
a409cd  25  52
Unable to remove anything, the list is empty.


18210d0  20  30
1821010  18  50
1820e90  28  58
1820e10  13  30
1820dd0  12  30
1820d10  23  47
1820cd0  11  34
1820c90  22  35
1820c10  22  29
1820b50  20  33
1820a90  23  34
1820810  10  33
1820750  12  46
1820650  15  33
18204d0  14  45
1820450  19  51
1820350  21  31
1820250  17  54
1820050  13  37
181ffd0  29  56
181fe50  19  35
181fdd0  17  40
181fd90  13  35
181fd50  28  34
181fcd0  17  46
181fc50  17  42
181fb90  18  39
181fa10  21  30
181f950  18  35
181f910  21  42
181f850  24  51
181f790  19  46
181f690  23  58
181f610  10  30
181f590  18  55
181f3d0  12  53
181f390  22  53
181f310  15  35
181f290  24  48
181f1d0  16  46
181f110  18  57
181efd0  26  56
181ef50  24  54
181ee90  21  58
181f010  12  35
181f090  18  51
181f410  15  54
181f490  24  45
181f510  21  58
181f710  15  33
181f990  10  42
181f890  21  44
181fe90  27  48
181fb10  14  43
1820010  25  40
181ff90  18  44
1820190  18  40
1820210  19  55
1820390  12  41
1820490  10  31
1820590  11  57
1820690  29  29
1820790  21  31
1820710  29  44
1820850  24  52
18207d0  17  55
1820610  19  37
1820f10  21  41
a409cd  25  52
